36370744
28979666
34403036
39072906
25328880
25450682
17954832
20147458
32820278
52150454
39380582
27027400
32464216
38721876
27002938
26077028
17781926
17851620
37970670
50555964
38521786
27871426
37347784
48237266
26232198
27659670
21903632
23031216
46814242
45954064
34814826
27420718
32102862
31335614
25559662
24830198
17386148
17454934
31320432
49271010
27561944
21399332
26962780
28219248
22443066
22260970
16491870
16175808
28814354
40872532
26720366
21907102
27980078
28173686
22128980
22041292
16159560
16050396
28401816
40402686
26107918
21107732
27009984
27300718
21466808
21387532
15537326
15591406
27153922
39308990
